[{"id": 0, "img_name": "127460000.png", "width": 861, "height": 478, "position": [3.2723831840353954, 1.4876854157779276, 1.646239217466309], "rotation": [[0.9514641012106053, 0.010348675759036384, -0.3075857100346654], [-0.010690305836595623, 0.9999426921394392, 0.0005742804633744087], [0.3075740259979945, 0.002741778066309651, 0.9515202053474323]], "fy": 444.96265760311906, "fx": 415.0821242137421}, {"id": 1, "img_name": "127594000.png", "width": 861, "height": 478, "position": [2.771893901622768, 1.5340552727759298, 1.8678489838398156], "rotation": [[0.9611548827586355, 0.009275920417485303, -0.27585367253245385], [-0.009966958430217873, 0.9999497200208152, -0.0011032542516564003], [0.27582956891690213, 0.003809820297857674, 0.96119900862434]], "fy": 444.96265760311906, "fx": 415.0821242137421}, {"id": 2, "img_name": "127761000.png", "width": 861, "height": 478, "position": [2.2326046757180005, 1.5576202221093842, 2.109153228896375], "rotation": [[0.9719100793554726, 0.00914553596663669, -0.23517473677910608], [-0.009754052350798653, 0.9999514136704101, -0.0014243459152027997], [0.2351502840950373, 0.00367824284560309, 0.9719520638486199]], "fy": 444.96265760311906, "fx": 415.0821242137421}, {"id": 3, "img_name": "127927000.png", "width": 861, "height": 478, "position": [1.7780278882484124, 1.6009907289631962, 2.3682154280135537], "rotation": [[0.9801485962089147, 0.008129326574358534, -0.19809756030587888], [-0.008575956167488862, 0.9999622503276057, -0.0013967446309918897], [0.1980787275946289, 0.003067893283398739, 0.980181312668883]], "fy": 444.96265760311906, "fx": 415.0821242137421}, {"id": 4, "img_name": "128061000.png", "width": 861, "height": 478, "position": [1.4774631877279518, 1.6651042595297345, 2.5812497470028686], "rotation": [[0.9854429430184722, 0.007181727488351069, -0.16985472865179527], [-0.007266264667822669, 0.9999735926719852, 0.00012392118414558532], [0.16985113321043546, 0.0011120921570583872, 0.9854691044361387]], "fy": 444.96265760311906, "fx": 415.0821242137421}, {"id": 5, "img_name": "128228000.png", "width": 861, "height": 478, "position": [1.167260310858981, 1.7992001413664875, 2.8752093480975924], "rotation": [[0.990487739174166, 0.005507188253975232, -0.1374907612284709], [-0.005510699853347648, 0.9999847529275725, 0.0003551049250953113], [0.13749062052654873, 0.00040594324331112426, 0.9905029855973722]], "fy": 444.96265760311906, "fx": 415.0821242137421}, {"id": 6, "img_name": "128395000.png", "width": 861, "height": 478, "position": [0.8622747742186451, 1.9304067188498595, 3.1941112478034803], "rotation": [[0.9944416545342346, 0.003956966733724163, -0.10521472397664786], [-0.003957970431421163, 0.9999921473520951, 0.0001992591516206977], [0.10521468622430043, 0.000218285166030937, 0.9944495070913898]], "fy": 444.96265760311906, "fx": 415.0821242137421}, {"id": 7, "img_name": "128561000.png", "width": 861, "height": 478, "position": [0.5734207385546226, 2.002571067450634, 3.4900045794494208], "rotation": [[0.9972098729087551, 0.0024578811901879672, -0.0746084994713034], [-0.00238055500620791, 0.9999965332811009, 0.0011253371238781767], [0.07461100676955763, -0.0009445876533599891, 0.9972122669838142]], "fy": 444.96265760311906, "fx": 415.0821242137421}, {"id": 8, "img_name": "128695000.png", "width": 861, "height": 478, "position": [0.339655264335255, 2.033986047179773, 3.6758066873169226], "rotation": [[0.9988393285209334, 0.0018531146179992244, -0.04813067385839906], [-0.0017895801924545066, 0.9999974696793513, 0.0013630985398716115], [0.04813307805019116, -0.0012753827296867462, 0.9988401174343705]], "fy": 444.96265760311906, "fx": 415.0821242137421}, {"id": 9, "img_name": "128862000.png", "width": 861, "height": 478, "position": [0.0482841461868497, 2.015019792765842, 3.834886941143135], "rotation": [[0.9998965966978788, 0.0004318858100108964, -0.014373913407515131], [-0.0004287222399606527, 0.9999998831958066, 0.00022317171451704623], [0.014374008113278465, -0.0002169862214717548, 0.9998966650648151]], "fy": 444.96265760311906, "fx": 415.0821242137421}, {"id": 10, "img_name": "129029000.png", "width": 861, "height": 478, "position": [-0.19691901303925483, 1.9773585260811009, 3.8835654763254728], "rotation": [[0.9997880251121338, 0.0001129161923146087, 0.020588639884966172], [-0.00016121472450097881, 0.9999972392753709, 0.0023442379250597153], [-0.020588318342980586, -0.002347060197395324, 0.9997852831764619]], "fy": 444.96265760311906, "fx": 415.0821242137421}, {"id": 11, "img_name": "129195000.png", "width": 861, "height": 478, "position": [-0.4636250697302813, 1.9295130433641139, 3.8291629053440253], "rotation": [[0.998206259887168, -0.0014500527358720912, 0.05985114927162558], [0.0014572899365273004, 0.9999989351670664, -7.72707852768877e-05], [-0.05985097349343713, 0.00016435265909291977, 0.9982073101115276]], "fy": 444.96265760311906, "fx": 415.0821242137421}, {"id": 12, "img_name": "129329000.png", "width": 861, "height": 478, "position": [-0.7686682628919648, 1.8915017047550213, 3.738041931352866], "rotation": [[0.9954292133295299, -0.0029950091501921724, 0.09545528361669575], [0.0029570392487060205, 0.9999954825646576, 0.0005392301542437248], [-0.09545646740286992, -0.00025450042809145785, 0.9954335729020279]], "fy": 444.96265760311906, "fx": 415.0821242137421}, {"id": 13, "img_name": "129496000.png", "width": 861, "height": 478, "position": [-1.1249319659247248, 1.8414830076664523, 3.5941920247587116], "rotation": [[0.9896707029437352, -0.004669050597563721, 0.14328328479404212], [0.004780049941661788, 0.9999884828445265, -0.0004304658605305104], [-0.14327962471129105, 0.0011109207079053806, 0.9896816230474184]], "fy": 444.96265760311906, "fx": 415.0821242137421}, {"id": 14, "img_name": "129663000.png", "width": 861, "height": 478, "position": [-1.4400395385464246, 1.776987837629014, 3.3973193510901414], "rotation": [[0.9797646351538938, -0.0063381330307378985, 0.20005271248209044], [0.006466959625249297, 0.9999790889527632, 9.508273733248624e-06], [-0.20004858943507364, 0.001284416944198085, 0.9797851356997365]], "fy": 444.96265760311906, "fx": 415.0821242137421}, {"id": 15, "img_name": "129796000.png", "width": 861, "height": 478, "position": [-1.6206774158297153, 1.6911471957126682, 3.220175641190609], "rotation": [[0.9688193814376667, -0.008049710755818097, 0.24763725145358284], [0.008238300613506166, 0.9999660269098714, 0.0002746435659226032], [-0.24763104925218657, 0.0017740301109240616, 0.9688527835865605]], "fy": 444.96265760311906, "fx": 415.0821242137421}, {"id": 16, "img_name": "129963000.png", "width": 861, "height": 478, "position": [-1.7405400733666516, 1.566261960703962, 2.949116162911328], "rotation": [[0.9522439892427709, -0.010129132219294857, 0.3051700929506323], [0.010324059045209028, 0.9999462300690194, 0.0009750772210005236], [-0.30516356066189254, 0.0022220826357089614, 0.9522973609083013]], "fy": 444.96265760311906, "fx": 415.0821242137421}, {"id": 17, "img_name": "130130000.png", "width": 861, "height": 478, "position": [-1.7727679492472699, 1.4192394458674038, 2.646016040918181], "rotation": [[0.9337826723656942, -0.012301525129968814, 0.3576291281048832], [0.012600611196995364, 0.999919493021425, 0.0014940124625995688], [-0.3576187150961823, 0.003111262646096204, 0.9338625030793894]], "fy": 444.96265760311906, "fx": 415.0821242137421}, {"id": 18, "img_name": "130297000.png", "width": 861, "height": 478, "position": [-1.722829220799884, 1.2650285775319434, 2.3132478786710653], "rotation": [[0.9129774391598774, -0.013454095796324601, 0.4077881593319937], [0.014054192296684018, 0.9999000731037996, 0.0015242984956249915], [-0.4077679183849068, 0.004339483070511702, 0.913075294607581]], "fy": 444.96265760311906, "fx": 415.0821242137421}, {"id": 19, "img_name": "130430000.png", "width": 861, "height": 478, "position": [-1.683648551706605, 1.1418725670564047, 1.9942241628457198], "rotation": [[0.8924725153758959, -0.015191115443221562, 0.45084591526397577], [0.015183023027066608, 0.9998781237991217, 0.0036350185292205574], [-0.4508461878627576, 0.003601049782900405, 0.8925943912719148]], "fy": 444.96265760311906, "fx": 415.0821242137421}, {"id": 20, "img_name": "130597000.png", "width": 861, "height": 478, "position": [-1.610092573143881, 0.9878616341220343, 1.5294180688087378], "rotation": [[0.8625097025768562, -0.018158748037059046, 0.5057146159945445], [0.018172541786332878, 0.9998228243859039, 0.00490699113698478], [-0.5057141205125746, 0.004957792525012132, 0.8626868774981291]], "fy": 444.96265760311906, "fx": 415.0821242137421}, {"id": 21, "img_name": "130764000.png", "width": 861, "height": 478, "position": [-1.5597410919239831, 0.8564531532202491, 1.067274612060249], "rotation": [[0.8270265839822019, -0.020340848932234534, 0.5617946949299593], [0.020557896055894136, 0.9997710479871768, 0.005935024547316788], [-0.5617867943414877, 0.006640893865904945, 0.8272553996391783]], "fy": 444.96265760311906, "fx": 415.0821242137421}, {"id": 22, "img_name": "130930000.png", "width": 861, "height": 478, "position": [-1.5402628553008246, 0.6949993443466419, 0.5930009138539883], "rotation": [[0.7860222349441516, -0.022247482177406564, 0.6177977789780137], [0.022050858732574896, 0.9997252741139085, 0.007945811917382254], [-0.6178048282447758, 0.007377386707796034, 0.7862968703758185]], "fy": 444.96265760311906, "fx": 415.0821242137421}, {"id": 23, "img_name": "131064000.png", "width": 861, "height": 478, "position": [-1.5250778023303133, 0.5347694411783155, 0.2218545856800266], "rotation": [[0.747036059673171, -0.02402639107705768, 0.6643491989005438], [0.023319862780413262, 0.9996787243975456, 0.009931363793483512], [-0.6643743745418579, 0.008073445281173439, 0.7473563473560704]], "fy": 444.96265760311906, "fx": 415.0821242137421}, {"id": 24, "img_name": "131231000.png", "width": 861, "height": 478, "position": [-1.53710878197313, 0.3225002512656632, -0.229379595300283], "rotation": [[0.6895623162579206, -0.025797961800692493, 0.7237667284173412], [0.024636589209477974, 0.999622536077652, 0.012158282683292868], [-0.7238071915013935, 0.009447250002695848, 0.6899376051486482]], "fy": 444.96265760311906, "fx": 415.0821242137421}, {"id": 25, "img_name": "131398000.png", "width": 861, "height": 478, "position": [-1.565829382911144, 0.11387027112170835, -0.6163923722949658], "rotation": [[0.6263944663686661, -0.027773637629770583, 0.7790112948831512], [0.025833584876724793, 0.9995557438616823, 0.014864077688708382], [-0.7790780438410078, 0.010813878394410286, 0.6268336794070177]], "fy": 444.96265760311906, "fx": 415.0821242137421}, {"id": 26, "img_name": "131531000.png", "width": 861, "height": 478, "position": [-1.5873789439945913, -0.041023145112548974, -0.8843971303049429], "rotation": [[0.574012980897307, -0.029693559521102517, 0.8183076379237546], [0.02631408980318324, 0.9994950614640148, 0.01780985083810621], [-0.818423280728999, 0.01130993510203869, 0.5745044986149106]], "fy": 444.96265760311906, "fx": 415.0821242137421}, {"id": 27, "img_name": "131698000.png", "width": 861, "height": 478, "position": [-1.6038760994181904, -0.24819131790551005, -1.1310876168505515], "rotation": [[0.5098788764346794, -0.03986593109924563, 0.8593219646345014], [0.025204079910581278, 0.9991890733056006, 0.03139984303394329], [-0.8598769014932137, 0.005648302779193378, 0.5104701861560031]], "fy": 444.96265760311906, "fx": 415.0821242137421}, {"id": 28, "img_name": "131865000.png", "width": 861, "height": 478, "position": [-1.6213482521966402, -0.4611060238168782, -1.3118080807842], "rotation": [[0.4486086306939223, -0.04774783409726746, 0.892451926327656], [0.024710730006794246, 0.99885274698576, 0.041019137747303834], [-0.8933866331490836, 0.003651599378462786, 0.4492738469269315]], "fy": 444.96265760311906, "fx": 415.0821242137421}, {"id": 29, "img_name": "132032000.png", "width": 861, "height": 478, "position": [-1.6443542381627243, -0.6551002538455657, -1.4143843191302647], "rotation": [[0.3908669287302612, -0.055847808694591015, 0.91875136260524], [0.023512084547481236, 0.9984376901792895, 0.05068886179110028], [-0.9201468501849066, 0.00178915998656795, 0.3915693718887337]], "fy": 444.96265760311906, "fx": 415.0821242137421}, {"id": 30, "img_name": "132165000.png", "width": 861, "height": 478, "position": [-1.6690151876707757, -0.8111968874430778, -1.533731700402324], "rotation": [[0.3484137116664338, -0.06295604693910285, 0.9352242627715668], [0.022758291363195886, 0.9980159548561114, 0.05870446343228342], [-0.9370645365699454, 0.0008306662662570819, 0.349155215193053]], "fy": 444.96265760311906, "fx": 415.0821242137421}, {"id": 31, "img_name": "132332000.png", "width": 861, "height": 478, "position": [-1.6830870943426661, -0.9784530195433468, -1.697824541509157], "rotation": [[0.29906793874073523, -0.0701487933998982, 0.951649890874741], [0.021814489342808427, 0.9975362027119472, 0.06667572522096328], [-0.9539824401277417, 0.0008191846966947008, 0.2998613560703552]], "fy": 444.96265760311906, "fx": 415.0821242137421}, {"id": 32, "img_name": "132499000.png", "width": 861, "height": 478, "position": [-1.696219309981185, -1.151788483949301, -1.8618644807174876], "rotation": [[0.25966114627347253, -0.07401565029452267, 0.9628591655208072], [0.02123660585639873, 0.997255015040004, 0.07093265502757844], [-0.9654662581818417, 0.002029406080704562, 0.26052022152476634]], "fy": 444.96265760311906, "fx": 415.0821242137421}, {"id": 33, "img_name": "132666000.png", "width": 861, "height": 478, "position": [-1.6860262206357524, -1.2749326689593952, -2.027774577975253], "rotation": [[0.2308639634550462, -0.07818434492736472, 0.9698396973655523], [0.020734011159927238, 0.9969352793335854, 0.07543308028501852], [-0.9727650955698641, 0.002693887218295742, 0.23177750497537067]], "fy": 444.96265760311906, "fx": 415.0821242137421}, {"id": 34, "img_name": "132799000.png", "width": 861, "height": 478, "position": [-1.6671543852268846, -1.3879852599718343, -2.17353348835226], "rotation": [[0.2098841186263066, -0.07882711622502292, 0.9745434533647562], [0.020478144340656413, 0.9968804412931267, 0.07622356178757424], [-0.9775117914137, 0.0039587264199024245, 0.21084360586062525]], "fy": 444.96265760311906, "fx": 415.0821242137421}, {"id": 35, "img_name": "132966000.png", "width": 861, "height": 478, "position": [-1.6283658164529942, -1.5266890680805083, -2.3680411774420733], "rotation": [[0.1835204653199142, -0.07994828053131577, 0.9797594149835194], [0.020399744708516566, 0.9967823649243663, 0.07751623953478895], [-0.982804196788246, 0.00576102559215494, 0.1845608879463279]], "fy": 444.96265760311906, "fx": 415.0821242137421}, {"id": 36, "img_name": "133133000.png", "width": 861, "height": 478, "position": [-1.5689618469206295, -1.661109507917091, -2.54133089101396], "rotation": [[0.15582208362300198, -0.08087014290150607, 0.9844691453989178], [0.01984349682375138, 0.996698155463463, 0.07873387155180578], [-0.9875858007733767, 0.007266834442896498, 0.15691232975132188]], "fy": 444.96265760311906, "fx": 415.0821242137421}, {"id": 37, "img_name": "133266000.png", "width": 861, "height": 478, "position": [-1.5153728751017623, -1.748386753990104, -2.6779291738078355], "rotation": [[0.13249325139705426, -0.08217107037562313, 0.9877719643356765], [0.019338304974804994, 0.9965823205953575, 0.08031007556635308], [-0.9909952413079178, 0.008461292460156289, 0.13362948115953044]], "fy": 444.96265760311906, "fx": 415.0821242137421}, {"id": 38, "img_name": "133433000.png", "width": 861, "height": 478, "position": [-1.4084265031876246, -1.826104571378606, -2.8150042853287687], "rotation": [[0.10446179262308201, -0.0829833591527464, 0.9910607932844978], [0.01863645458834835, 0.9965011704674093, 0.0814745347790308], [-0.9943542710937326, 0.009958883512189851, 0.10564281422246381]], "fy": 444.96265760311906, "fx": 415.0821242137421}, {"id": 39, "img_name": "133600000.png", "width": 861, "height": 478, "position": [-1.283214002000157, -1.8476507491276437, -2.9336927774889987], "rotation": [[0.07649167734936155, -0.0838232104365931, 0.993540483668574], [0.017598711940441, 0.9964181658431251, 0.08271108822799861], [-0.9969148953819071, 0.011158322899299005, 0.07769287738111154]], "fy": 444.96265760311906, "fx": 415.0821242137421}, {"id": 40, "img_name": "133767000.png", "width": 861, "height": 478, "position": [-1.1295897794389962, -1.8659825744083178, -2.9974982503120327], "rotation": [[0.05092672287432596, -0.08496966032268939, 0.9950812156411795], [0.01713850558074332, 0.9963017501685357, 0.08419675906809833], [-0.998555326721429, 0.012766339951581796, 0.05219463612767318]], "fy": 444.96265760311906, "fx": 415.0821242137421}, {"id": 41, "img_name": "133900000.png", "width": 861, "height": 478, "position": [-0.9524108551202393, -1.8573790961375443, -3.007656612420728], "rotation": [[0.03214968817939668, -0.08593726435558774, 0.9957816950240878], [0.016590738110859756, 0.9962053328015882, 0.08543817827302817], [-0.9993453582015099, 0.013773942527639095, 0.033453453459110445]], "fy": 444.96265760311906, "fx": 415.0821242137421}, {"id": 42, "img_name": "134067000.png", "width": 861, "height": 478, "position": [-0.6547004456515989, -1.7896945182305668, -3.0076088095637132], "rotation": [[0.010899333880423254, -0.08684331756028775, 0.9961623576084803], [0.015714867598471433, 0.9961133749170953, 0.08666710591474162], [-0.9998171070037386, 0.014709945832583664, 0.012221703493248616]], "fy": 444.96265760311906, "fx": 415.0821242137421}, {"id": 43, "img_name": "134234000.png", "width": 861, "height": 478, "position": [-0.26315011067467364, -1.7250152551370914, -2.945465196980681], "rotation": [[-0.009631270837171616, -0.08812159519120359, 0.99606316219556], [0.015023891014178422, 0.995984174868124, 0.08825987826332175], [-0.9998407479798243, 0.015814799183673896, -0.00826866409554356]], "fy": 444.96265760311906, "fx": 415.0821242137421}, {"id": 44, "img_name": "134401000.png", "width": 861, "height": 478, "position": [0.22063092017764818, -1.5871602191926377, -2.829197505919088], "rotation": [[-0.028916456929425925, -0.090970151122354, 0.9954337095575095], [0.013946055359990155, 0.9957164976791639, 0.09140111481506008], [-0.999484540179859, 0.0165253700205406, -0.027523918455399372]], "fy": 444.96265760311906, "fx": 415.0821242137421}, {"id": 45, "img_name": "134534000.png", "width": 861, "height": 478, "position": [0.6548852978353836, -1.4917205466490717, -2.6984574747824723], "rotation": [[-0.04320809845902144, -0.09038037141772125, 0.994969571740739], [0.013302867956786977, 0.9957593122521641, 0.09102980702616896], [-0.9989775242374973, 0.017169173698580394, -0.04182254825842371]], "fy": 444.96265760311906, "fx": 415.0821242137421}, {"id": 46, "img_name": "134701000.png", "width": 861, "height": 478, "position": [1.2466082908100509, -1.395672175366263, -2.5604693048391804], "rotation": [[-0.06337334297092363, -0.09196247403074694, 0.9937437913118419], [0.01229656919037942, 0.995597808986431, 0.09291822817706039], [-0.9979141314696548, 0.01810817802989143, -0.061963538485159675]], "fy": 444.96265760311906, "fx": 415.0821242137421}, {"id": 47, "img_name": "134868000.png", "width": 861, "height": 478, "position": [1.868400922214476, -1.3207666739827073, -2.4083833721251278], "rotation": [[-0.08513558000807334, -0.09272790400836048, 0.9920450941539428], [0.011224406825388365, 0.995507523735053, 0.09401480137893586], [-0.9963061505923303, 0.019139122370654085, -0.08371229471692916]], "fy": 444.96265760311906, "fx": 415.0821242137421}, {"id": 48, "img_name": "135001000.png", "width": 861, "height": 478, "position": [2.376642818962794, -1.2375084481166434, -2.280938138540611], "rotation": [[-0.10207761026286986, -0.0927937900888877, 0.9904390309372711], [0.010820103588014166, 0.9954773507822392, 0.09438098027632227], [-0.9947175915009071, 0.020350837833227692, -0.1006119106175774]], "fy": 444.96265760311906, "fx": 415.0821242137421}, {"id": 49, "img_name": "135168000.png", "width": 861, "height": 478, "position": [2.9646729068417472, -1.1583096118845948, -2.124048817372013], "rotation": [[-0.1211532594764289, -0.09238486583984744, 0.9883253129825168], [0.009960954581199442, 0.9954962435801461, 0.0942762345538357], [-0.9925838337904096, 0.02126653666143013, -0.11968737325365471]], "fy": 444.96265760311906, "fx": 415.0821242137421}, {"id": 50, "img_name": "135335000.png", "width": 861, "height": 478, "position": [3.5357198289158327, -1.0645432343677743, -1.9181101389318918], "rotation": [[-0.13922367988060977, -0.09148159641965212, 0.986026310235692], [0.009543987106064106, 0.9955534988455921, 0.09371309004839534], [-0.9902149661919982, 0.022457703640649994, -0.13773152245062845]], "fy": 444.96265760311906, "fx": 415.0821242137421}, {"id": 51, "img_name": "135502000.png", "width": 861, "height": 478, "position": [4.075395514116598, -0.9433987597466226, -1.6378632457222673], "rotation": [[-0.1548081979076449, -0.09252589016998332, 0.983602247612743], [0.00889589281837137, 0.9954338024632343, 0.09503898149996727], [-0.9879044918166693, 0.023462833627660065, -0.15327821269381123]], "fy": 444.96265760311906, "fx": 415.0821242137421}, {"id": 52, "img_name": "135635000.png", "width": 861, "height": 478, "position": [4.523383575008232, -0.826710636560541, -1.3161226051306896], "rotation": [[-0.16874655837689922, -0.09350349068811906, 0.9812143987249108], [0.007943400537664076, 0.9953289171821689, 0.09621459873049228], [-0.9856274658428761, 0.024030061383780152, -0.16721559354929122]], "fy": 444.96265760311906, "fx": 415.0821242137421}, {"id": 53, "img_name": "135802000.png", "width": 861, "height": 478, "position": [5.095244948036833, -0.6888360371853433, -0.7958025468810387], "rotation": [[-0.18763954156832285, -0.0921911878655294, 0.9779019313407515], [0.006777621718245503, 0.9954403416207551, 0.09514510033521967], [-0.9822145724249224, 0.024480832377542037, -0.18615913236322482]], "fy": 444.96265760311906, "fx": 415.0821242137421}, {"id": 54, "img_name": "135969000.png", "width": 861, "height": 478, "position": [5.687169578958727, -0.5587502676329447, -0.2132089075635445], "rotation": [[-0.2118919494456397, -0.09162465026239908, 0.9729885534909539], [0.005668148681174193, 0.9954634777466, 0.09497545242415287], [-0.9772766618776149, 0.025639577549902728, -0.21041135476111533]], "fy": 444.96265760311906, "fx": 415.0821242137421}, {"id": 55, "img_name": "136136000.png", "width": 861, "height": 478, "position": [6.260625783359886, -0.37903014527263124, 0.36866847062452773], "rotation": [[-0.23779096424051668, -0.09308634796691193, 0.9668455870239817], [0.00457340748051018, 0.9952788754627361, 0.09694866683791496], [-0.9713055859355397, 0.02747529580941415, -0.23624260168437583]], "fy": 444.96265760311906, "fx": 415.0821242137421}, {"id": 56, "img_name": "136269000.png", "width": 861, "height": 478, "position": [6.725220004117871, -0.23662429441132463, 0.7564699527063657], "rotation": [[-0.25880046240800997, -0.09143627533832405, 0.9615933278728874], [0.00414475835942664, 0.9953952499415452, 0.09576595100530602], [-0.9659219128043126, 0.02876984438718606, -0.2572297696970452]], "fy": 444.96265760311906, "fx": 415.0821242137421}, {"id": 57, "img_name": "136436000.png", "width": 861, "height": 478, "position": [7.330672322874257, -0.050389586155978924, 1.1318089069996344], "rotation": [[-0.28560871199055, -0.090913696498633, 0.9540242991790374], [0.003621175279459582, 0.9953806449735627, 0.0959388279145098], [-0.9583394757207355, 0.030855654278737047, -0.283960169520897]], "fy": 444.96265760311906, "fx": 415.0821242137421}, {"id": 58, "img_name": "136603000.png", "width": 861, "height": 478, "position": [7.949219142069204, 0.10266558456300685, 1.4325229606152887], "rotation": [[-0.3106859257471534, -0.09094812927161769, 0.946151517107396], [0.0031146094548983407, 0.9953090791116236, 0.09669610253735908], [-0.950507524825857, 0.03298901059391021, -0.3089452547450068]], "fy": 444.96265760311906, "fx": 415.0821242137421}]